Test Loss     : 0.0000
Test Accuracy : 0.8347

              precision    recall  f1-score   support

           0      0.849     0.721     0.780       226
           1      0.774     0.881     0.824       210
           2      0.890     0.905     0.898       179
           3      0.865     0.890     0.877       173
           4      0.731     0.857     0.789       168
           5      0.854     0.698     0.768       192
           6      0.913     0.922     0.917       102
           7      0.899     0.920     0.909        87

    accuracy                          0.835      1337
   macro avg      0.847     0.849     0.845      1337
weighted avg      0.839     0.835     0.834      1337
