Test Loss     : 0.0000
Test Accuracy : 0.7614

              precision    recall  f1-score   support

           0      0.770     0.695     0.730       226
           1      0.701     0.738     0.719       210
           2      0.895     0.905     0.900       179
           3      0.861     0.896     0.878       173
           4      0.810     0.887     0.847       168
           5      0.857     0.781     0.817       192
           6      0.483     0.696     0.570       102
           7      0.422     0.218     0.288        87

    accuracy                          0.761      1337
   macro avg      0.725     0.727     0.719      1337
weighted avg      0.761     0.761     0.757      1337
