Test Loss     : 0.0000
Test Accuracy : 0.7764

              precision    recall  f1-score   support

           0      0.763     0.854     0.806       226
           1      0.779     0.824     0.801       210
           2      0.921     0.844     0.880       179
           3      0.876     0.861     0.869       173
           4      0.818     0.750     0.783       168
           5      0.822     0.771     0.796       192
           6      0.505     0.961     0.662       102
           7      0.000     0.000     0.000        87

    accuracy                          0.776      1337
   macro avg      0.686     0.733     0.700      1337
weighted avg      0.747     0.776     0.755      1337
