Test Loss     : 0.0000
Test Accuracy : 0.8250

              precision    recall  f1-score   support

           0      0.761     0.845     0.801       226
           1      0.750     0.871     0.806       210
           2      0.891     0.911     0.901       179
           3      0.867     0.827     0.846       173
           4      0.861     0.738     0.795       168
           5      0.850     0.677     0.754       192
           6      0.910     0.892     0.901       102
           7      0.804     0.897     0.848        87

    accuracy                          0.825      1337
   macro avg      0.837     0.832     0.831      1337
weighted avg      0.830     0.825     0.824      1337
