Test Loss     : 0.0000
Test Accuracy : 0.8310

              precision    recall  f1-score   support

           0      0.858     0.858     0.858       226
           1      0.785     0.886     0.832       210
           2      0.931     0.911     0.921       179
           3      0.917     0.896     0.906       173
           4      0.888     0.893     0.890       168
           5      0.908     0.818     0.860       192
           6      0.569     0.725     0.638       102
           7      0.552     0.368     0.441        87

    accuracy                          0.831      1337
   macro avg      0.801     0.794     0.793      1337
weighted avg      0.833     0.831     0.829      1337